<?xml version="1.0"?>
<opencv_storage>
<leftCameraMatrix type_id="opencv-matrix">
  <rows>3</rows>
  <cols>3</cols>
  <dt>d</dt>
  <data>
    1.1450386906817221e+04 0. 1.6263763675322014e+03 0.
    1.1444521390767761e+04 1.2585932142484810e+03 0. 0. 1.</data></leftCameraMatrix>
<leftDistCoeffs type_id="opencv-matrix">
  <rows>1</rows>
  <cols>5</cols>
  <dt>d</dt>
  <data>
    -2.2065385077245012e-01 2.2920548667601137e+00
    -1.1905289722295058e-03 -4.1505903728702607e-03 0.</data></leftDistCoeffs>
<rightCameraMatrix type_id="opencv-matrix">
  <rows>3</rows>
  <cols>3</cols>
  <dt>d</dt>
  <data>
    1.1650989883144941e+04 0. 2.3452236531000271e+03 0.
    1.1698885461288213e+04 9.1893880238833879e+02 0. 0. 1.</data></rightCameraMatrix>
<rightDistCoeffs type_id="opencv-matrix">
  <rows>1</rows>
  <cols>5</cols>
  <dt>d</dt>
  <data>
    -3.7912018363036493e-01 2.0308757863528704e+00
    -4.4388636389763297e-03 -1.2875587889554884e-02 0.</data></rightDistCoeffs>
<R type_id="opencv-matrix">
  <rows>3</rows>
  <cols>3</cols>
  <dt>d</dt>
  <data>
    9.9492590447807283e-01 9.7698139149412760e-03 1.0013488570201705e-01
    -1.2939057030406749e-02 9.9943410085009721e-01
    3.1049297272589184e-02 -9.9774873598779776e-02
    -3.2187401169171022e-02 9.9448928893393429e-01</data></R>
<T type_id="opencv-matrix">
  <rows>3</rows>
  <cols>1</cols>
  <dt>d</dt>
  <data>
    -8.9156788605555590e+01 -4.7637450181459784e-01
    1.7813547569591893e+01</data></T>
<E type_id="opencv-matrix">
  <rows>3</rows>
  <cols>3</cols>
  <dt>d</dt>
  <data>
    2.7802071362104619e-01 -1.7788133640968841e+01
    -1.0268474735435238e+00 8.8275526140469527e+00
    -2.6956902768821265e+00 9.0449228853800591e+01
    1.6275621045033823e+00 -8.9101680764439081e+01
    -2.7205539269927272e+00</data></E>
<F type_id="opencv-matrix">
  <rows>3</rows>
  <cols>3</cols>
  <dt>d</dt>
  <data>
    -5.7639658763807826e-09 3.6897518347256213e-07
    -2.1125084637948959e-04 -1.8226483979146218e-07
    5.5687164140501061e-08 -2.1157590668582589e-02
    -2.1212963137126202e-04 2.0617040744881424e-02 1.</data></F>
<R1 type_id="opencv-matrix">
  <rows>3</rows>
  <cols>3</cols>
  <dt>d</dt>
  <data>
    9.9510979270104183e-01 2.1123160800420305e-02
    -9.6489960867901514e-02 -1.9668222475171668e-02
    9.9967844780867987e-01 1.6005062058482043e-02 9.6797011809026084e-02
    -1.4029007970212875e-02 9.9520526799259601e-01</data></R1>
<R2 type_id="opencv-matrix">
  <rows>3</rows>
  <cols>3</cols>
  <dt>d</dt>
  <data>
    9.8060486870548780e-01 5.2394793835972035e-03
    -1.9592508600708047e-01 -8.1990865658382421e-03
    9.9986416480690188e-01 -1.4297794042535786e-02
    1.9582355948807312e-01 1.5626893190450269e-02 9.8051462699881997e-01</data></R2>
<P1 type_id="opencv-matrix">
  <rows>3</rows>
  <cols>4</cols>
  <dt>d</dt>
  <data>
    -8.0626573796934363e+03 0. 3.7476561241149902e+03 0. 0.
    -8.0626573796934363e+03 1.0686029052734375e+03 0. 0. 0. 1. 0.</data></P1>
<P2 type_id="opencv-matrix">
  <rows>3</rows>
  <cols>4</cols>
  <dt>d</dt>
  <data>
    -8.0626573796934363e+03 0. 3.7476561241149902e+03
    7.3305840358441568e+05 0. -8.0626573796934363e+03
    1.0686029052734375e+03 0. 0. 0. 1. 0.</data></P2>
<Q type_id="opencv-matrix">
  <rows>4</rows>
  <cols>4</cols>
  <dt>d</dt>
  <data>
    1. 0. 0. -3.7476561241149902e+03 0. 1. 0. -1.0686029052734375e+03 0.
    0. 0. -8.0626573796934363e+03 0. 0. 1.0998656232940895e-02 0.</data></Q>
</opencv_storage>
